(0,1)	2794
(0,7)	1233
(0,25)	1747
(0,43)	1280
(0,49)	1288
(0,67)	712
(0,70)	1184
(0,106)	1113
(0,115)	407
(0,139)	2097727
(0,199)	1213
(0,346)	660
(0,427)	1276
(0,445)	25782282
(0,487)	632
(0,526)	715
(0,544)	1315
(0,607)	706
(0,610)	725
(0,706)	802
(0,751)	814
(0,760)	824
(0,775)	926
(0,1093)	2812
(0,1099)	2741
(0,1525)	5077
(0,1813)	2914
(0,2119)	2430
(0,2401)	2422
(0,2605)	2499
(0,3130)	1846
(0,3493)	2457
(0,5002)	1237
(0,5680)	635
(0,6001)	1195
(0,6007)	1228
(0,6346)	1244
(0,6445)	4
(0,6667)	1221
(0,7000)	1169
(0,7006)	507
(0,9103)	1211
(0,9673)	3
(0,10000)	1248
(0,10051)	527
(0,11371)	628
(0,13720)	609
(1,0)	2378
(7,0)	872
(22,60177)	4
(25,0)	1282
(43,0)	872
(49,0)	874
(67,0)	398
(70,0)	856
(80,1109)	438
(80,1127)	426
(80,1178)	443
(80,1352)	477
(80,1433)	457
(80,1529)	435
(80,1646)	388
(80,1958)	286
(80,2003)	292
(80,2111)	285
(80,2135)	282
(80,2432)	257
(80,2603)	310
(80,4094)	257
(80,4373)	236
(80,4559)	218
(80,5354)	1
(80,8081)	2
(80,10082)	1
(80,60179)	164
(88,1080)	105
(88,1194)	113
(88,1314)	76
(88,1677)	72
(88,1701)	79
(88,2010)	78
(88,2049)	86
(88,2430)	76
(88,2601)	83
(88,2607)	71
(88,2988)	72
(88,4353)	65
(88,4557)	49
(88,60177)	114
(106,0)	867
(111,901)	10
(111,994)	12
(115,0)	395
(135,1300)	231
(135,1645)	218
(135,1957)	219
(135,2053)	254
(135,2086)	188
(135,2101)	226
(135,2431)	235
(135,2602)	216
(135,2608)	213
(135,2947)	212
(135,2989)	210
(135,4369)	189
(135,4600)	181
(135,5269)	1
(139,0)	1814224
(139,1236)	205
(139,1434)	674
(139,1524)	195
(139,1812)	232
(139,1863)	134
(139,1959)	131
(139,2121)	145
(139,2433)	188
(139,2583)	137
(139,2604)	216
(139,2628)	143
(139,2811)	135
(139,3306)	105
(139,3690)	177
(139,4224)	171
(139,4569)	90
(139,4899)	109
(139,5052)	1
(139,57000)	58
(199,0)	871
(346,0)	395
(389,1109)	376
(389,1127)	328
(389,1178)	324
(389,1352)	285
(389,1433)	273
(389,1529)	293
(389,1646)	282
(389,1958)	292
(389,2003)	283
(389,2111)	258
(389,2135)	301
(389,2432)	305
(389,2603)	280
(389,4094)	269
(389,4373)	243
(389,4559)	236
(389,5051)	2
(389,5666)	1
(389,5675)	1
(389,13724)	1
(389,60179)	115
(427,0)	875
(443,1094)	59
(443,1214)	67
(443,1241)	88
(443,1313)	77
(443,1649)	77
(443,2000)	71
(443,2105)	69
(443,2150)	52
(443,2600)	46
(443,2606)	77
(443,2792)	74
(443,3050)	65
(443,3632)	61
(443,3689)	92
(443,4031)	37
(443,4190)	61
(443,4691)	67
(443,4949)	53
(443,5432)	3
(443,5672)	1
(443,6002)	2
(443,6347)	2
(443,6446)	2
(443,7007)	2
(443,7100)	1
(445,0)	15510057
(445,1236)	611
(445,1434)	713
(445,1524)	517
(445,1812)	586
(445,1863)	445
(445,1959)	492
(445,2121)	820
(445,2433)	562
(445,2583)	372
(445,2604)	913
(445,2628)	514
(445,2811)	451
(445,3306)	450
(445,3690)	418
(445,4224)	405
(445,4569)	383
(445,4899)	391
(445,5052)	1
(445,5061)	1
(445,5667)	1
(445,6000)	1
(445,6006)	1
(445,57000)	220
(487,0)	391
(526,0)	394
(544,0)	864
(607,0)	450
(610,0)	442
(628,2049)	4
(655,2049)	8
(706,0)	528
(751,0)	550
(754,2049)	161
(760,0)	538
(775,0)	582
(808,2049)	131
(871,2049)	117
(901,111)	9
(901,2049)	92
(994,111)	12
(994,2049)	81
(1080,88)	80
(1093,0)	2428
(1094,443)	57
(1094,1433)	1
(1099,0)	2360
(1109,80)	575
(1109,389)	284
(1127,80)	589
(1127,389)	253
(1178,80)	607
(1178,389)	236
(1194,88)	87
(1214,443)	69
(1236,139)	294
(1236,445)	1643
(1241,443)	88
(1241,60179)	5
(1300,135)	170
(1313,443)	83
(1314,88)	52
(1352,80)	612
(1352,389)	221
(1352,4190)	1
(1433,80)	565
(1433,389)	206
(1433,1094)	71
(1433,1214)	76
(1433,1241)	71
(1433,1313)	75
(1433,1649)	71
(1433,2000)	74
(1433,2105)	78
(1433,2150)	77
(1433,2600)	76
(1433,2606)	76
(1433,2792)	80
(1433,3050)	83
(1433,3632)	76
(1433,3689)	78
(1433,4031)	71
(1433,4190)	78
(1433,4691)	83
(1433,4949)	76
(1434,139)	783
(1434,445)	2129
(1524,139)	206
(1524,445)	525
(1525,0)	4861
(1529,80)	561
(1529,389)	224
(1645,135)	161
(1646,80)	518
(1646,389)	215
(1649,443)	75
(1677,88)	60
(1677,8080)	1
(1701,88)	60
(1812,139)	354
(1812,445)	948
(1813,0)	2743
(1863,139)	220
(1863,445)	1029
(1957,135)	152
(1958,80)	405
(1958,389)	217
(1959,139)	236
(1959,445)	637
(2000,443)	67
(2000,60179)	1
(2003,80)	406
(2003,389)	209
(2010,22)	314
(2010,88)	60
(2049,88)	67
(2049,628)	6
(2049,655)	11
(2049,754)	163
(2049,808)	128
(2049,871)	123
(2049,901)	97
(2049,994)	81
(2053,135)	184
(2086,135)	126
(2101,135)	165
(2105,443)	69
(2111,80)	383
(2111,389)	197
(2119,0)	2139
(2121,139)	234
(2121,445)	849
(2135,80)	403
(2135,389)	234
(2150,443)	47
(2401,0)	2140
(2430,88)	64
(2431,135)	171
(2432,80)	370
(2432,389)	238
(2433,139)	277
(2433,445)	553
(2583,139)	231
(2583,445)	437
(2600,443)	41
(2601,88)	66
(2602,135)	160
(2603,80)	427
(2603,389)	215
(2604,139)	341
(2604,445)	1070
(2605,0)	2167
(2606,443)	72
(2606,548)	1
(2607,88)	58
(2608,135)	150
(2628,139)	289
(2628,445)	1194
(2792,443)	75
(2811,139)	278
(2811,445)	533
(2947,135)	152
(2988,88)	59
(2989,135)	150
(3050,443)	56
(3130,0)	1608
(3306,139)	165
(3306,445)	459
(3493,0)	2110
(3632,443)	64
(3689,443)	88
(3690,139)	768
(3690,445)	469
(4031,443)	36
(4094,80)	373
(4094,389)	198
(4190,443)	56
(4190,1352)	1
(4224,139)	280
(4224,445)	471
(4353,88)	49
(4369,135)	119
(4373,80)	337
(4373,389)	179
(4557,88)	37
(4559,80)	313
(4559,389)	171
(4569,139)	147
(4569,445)	1664
(4600,135)	125
(4691,443)	65
(4899,139)	190
(4899,445)	423
(4949,443)	54
(5002,0)	859
(5051,389)	1
(5052,139)	1
(5052,445)	1
(5061,445)	1
(5269,135)	1
(5354,80)	2
(5432,443)	2
(5666,389)	1
(5672,443)	1
(5675,389)	1
(5680,0)	404
(6001,0)	873
(6002,443)	2
(6006,445)	1
(6007,0)	861
(6346,0)	873
(6347,443)	2
(6445,0)	2
(6446,443)	2
(6667,0)	876
(7000,0)	874
(7006,0)	395
(7007,443)	2
(7100,443)	1
(8021,2150)	1
(8080,1677)	2
(8080,60177)	1
(8081,80)	2
(9103,0)	870
(9673,0)	1
(10000,0)	892
(10051,0)	395
(10082,80)	1
(11371,0)	393
(13720,0)	401
(57000,139)	56
(57000,445)	235
(60177,22)	8
(60177,88)	80
(60177,8080)	1
(60179,80)	176
(60179,389)	81
(60179,1241)	8
(0,11)	666
(0,17)	1207
(0,20)	1585
(0,53)	1444
(0,68)	658
(0,77)	553
(0,80)	4773759
(0,95)	677
(0,101)	715
(0,107)	690
(0,110)	1297
(0,143)	1127
(0,161)	1257
(0,194)	652
(0,206)	619
(0,347)	600
(0,389)	1987693
(0,464)	1578
(0,512)	1311
(0,530)	569
(0,554)	1492
(0,563)	1227
(0,587)	1250
(0,611)	791
(0,749)	1491
(0,989)	837
(0,992)	1577
(0,1001)	1462
(0,1094)	2876
(0,1214)	4402
(0,1241)	55125
(0,1313)	1936
(0,1649)	1947
(0,2000)	2621
(0,2105)	2482
(0,2150)	1996
(0,2600)	2185
(0,2606)	1903
(0,2792)	1872
(0,3050)	2338
(0,3632)	1848
(0,3689)	2397
(0,4031)	1781
(0,4190)	1175
(0,4691)	1179
(0,4949)	1155
(0,5432)	1198
(0,5672)	796
(0,6002)	16146
(0,6347)	628
(0,6446)	3
(0,7001)	1261
(0,7007)	1243
(0,7100)	1259
(0,8990)	3
(0,9098)	2
(0,13721)	599
(0,24554)	648
(11,0)	408
(17,0)	876
(20,0)	1424
(53,0)	1301
(68,0)	413
(77,0)	417
(80,0)	3931018
(80,1236)	446
(80,1434)	497
(80,1524)	450
(80,1812)	319
(80,1863)	322
(80,1959)	293
(80,2121)	273
(80,2433)	255
(80,2583)	277
(80,2604)	292
(80,2628)	270
(80,2811)	286
(80,3306)	267
(80,3690)	256
(80,4224)	243
(80,4569)	212
(80,4899)	222
(80,5355)	1
(80,8088)	1
(80,10809)	1
(80,57000)	220
(88,1300)	86
(88,1645)	68
(88,1957)	74
(88,2053)	64
(88,2086)	77
(88,2101)	81
(88,2431)	74
(88,2602)	48
(88,2608)	74
(88,2947)	74
(88,2989)	68
(88,4369)	71
(88,4600)	54
(88,5269)	1
(88,8080)	1
(95,0)	403
(101,0)	374
(107,0)	389
(110,0)	1051
(111,995)	11
(111,60179)	5
(135,1109)	254
(135,1127)	231
(135,1178)	238
(135,1352)	232
(135,1433)	203
(135,1529)	197
(135,1646)	200
(135,1958)	214
(135,2003)	197
(135,2111)	213
(135,2135)	194
(135,2432)	207
(135,2603)	191
(135,4094)	202
(135,4373)	173
(135,4559)	187
(135,11201)	1
(135,27374)	1
(135,60179)	35
(139,1093)	217
(139,1099)	212
(139,1525)	170
(139,1813)	143
(139,2119)	138
(139,2401)	159
(139,2605)	143
(139,3130)	154
(139,3493)	147
(139,5680)	1
(143,0)	948
(161,0)	911
(194,0)	385
(206,0)	420
(347,0)	405
(389,0)	2838087
(389,1236)	275
(389,1434)	300
(389,1524)	326
(389,1812)	315
(389,1863)	290
(389,1959)	288
(389,2121)	282
(389,2433)	291
(389,2583)	260
(389,2604)	257
(389,2628)	275
(389,2811)	267
(389,3306)	254
(389,3690)	278
(389,4224)	238
(389,4569)	245
(389,4899)	241
(389,5052)	1
(389,5667)	1
(389,10809)	3
(389,57000)	76
(443,1080)	103
(443,1194)	86
(443,1314)	86
(443,1677)	75
(443,1701)	85
(443,2010)	78
(443,2049)	70
(443,2430)	73
(443,2601)	77
(443,2607)	66
(443,2988)	60
(443,4353)	70
(443,4557)	51
(443,5190)	2
(443,5556)	1
(443,5688)	2
(443,6003)	2
(443,7002)	1
(443,7008)	4
(443,13782)	1
(443,22128)	2
(443,60177)	26
(445,1093)	554
(445,1099)	809
(445,1525)	1038
(445,1813)	526
(445,2119)	749
(445,2401)	554
(445,2605)	749
(445,3130)	503
(445,3493)	449
(445,5002)	1
(445,6445)	1
(464,0)	1168
(512,0)	904
(530,0)	398
(554,0)	1096
(563,0)	861
(587,0)	872
(611,0)	471
(749,0)	1078
(989,0)	732
(992,0)	1172
(995,111)	8
(995,2049)	119
(1001,0)	1162
(1080,443)	97
(1093,139)	254
(1093,445)	583
(1094,0)	2540
(1099,139)	260
(1099,445)	757
(1109,135)	189
(1127,135)	164
(1178,135)	172
(1194,443)	85
(1214,0)	4149
(1236,80)	592
(1236,389)	208
(1241,0)	37076
(1300,88)	66
(1313,0)	1751
(1314,443)	88
(1314,1352)	1
(1352,135)	166
(1352,1314)	1
(1352,2988)	1
(1433,135)	144
(1433,1080)	79
(1433,1194)	76
(1433,1314)	76
(1433,1677)	74
(1433,1701)	75
(1433,2010)	73
(1433,2049)	73
(1433,2430)	78
(1433,2601)	75
(1433,2607)	79
(1433,2988)	84
(1433,4353)	73
(1433,4557)	72
(1433,60177)	6
(1434,80)	633
(1434,389)	226
(1524,80)	578
(1524,389)	257
(1525,139)	297
(1525,445)	1338
(1529,135)	143
(1645,88)	56
(1646,135)	142
(1649,0)	1725
(1677,443)	70
(1677,1433)	1
(1701,443)	82
(1812,80)	454
(1812,389)	231
(1813,139)	255
(1813,445)	782
(1863,80)	454
(1863,389)	215
(1957,88)	63
(1958,135)	160
(1959,80)	417
(1959,389)	230
(2000,0)	4279
(2000,1236)	1
(2000,2604)	1
(2000,2628)	1
(2003,135)	144
(2010,443)	77
(2010,1433)	2
(2049,443)	73
(2049,995)	130
(2049,60179)	3
(2053,88)	48
(2086,88)	62
(2101,88)	62
(2105,0)	2122
(2111,135)	158
(2119,139)	241
(2119,445)	738
(2121,80)	381
(2121,389)	221
(2135,135)	133
(2150,0)	1763
(2401,139)	212
(2401,445)	1034
(2430,443)	65
(2431,88)	64
(2432,135)	150
(2433,80)	375
(2433,389)	228
(2583,80)	394
(2583,389)	194
(2600,0)	1957
(2601,443)	74
(2602,88)	35
(2603,135)	133
(2604,80)	402
(2604,389)	196
(2605,139)	242
(2605,445)	503
(2606,0)	1660
(2607,443)	59
(2608,88)	56
(2608,8080)	1
(2628,80)	397
(2628,389)	221
(2792,0)	1671
(2811,80)	399
(2811,389)	206
(2947,88)	58
(2988,443)	60
(2988,1352)	1
(2988,1433)	2
(2989,88)	49
(3050,0)	2138
(3130,139)	260
(3130,445)	522
(3306,80)	380
(3306,389)	184
(3493,139)	228
(3493,445)	2325
(3632,0)	1628
(3689,0)	2054
(3690,80)	359
(3690,389)	211
(4031,0)	1549
(4094,135)	145
(4190,0)	1208
(4224,80)	355
(4224,389)	185
(4353,443)	67
(4369,79)	1
(4369,88)	52
(4373,135)	118
(4557,443)	51
(4559,135)	128
(4569,80)	323
(4569,389)	182
(4600,88)	39
(4691,0)	1180
(4899,80)	328
(4899,389)	180
(4949,0)	1141
(5002,445)	2
(5052,389)	1
(5190,443)	2
(5269,88)	1
(5355,80)	2
(5432,0)	1281
(5556,443)	1
(5667,389)	1
(5672,0)	790
(5680,139)	1
(5688,443)	1
(5688,60179)	1
(6002,0)	15830
(6002,57000)	1
(6003,443)	2
(6347,0)	406
(6446,0)	1
(7001,0)	895
(7002,23)	1
(7002,443)	1
(7002,60179)	1
(7007,0)	856
(7008,443)	3
(7100,0)	857
(8080,88)	1
(8080,2608)	1
(8088,80)	1
(8990,0)	1
(10051,445)	4
(10809,80)	1
(10809,389)	2
(13721,0)	395
(13782,443)	1
(22128,443)	2
(24554,0)	381
(27374,135)	1
(57000,80)	222
(57000,389)	47
(57000,749)	1
(57000,6002)	1
(60177,443)	33
(60179,111)	5
(60179,135)	17
(60179,2049)	3
(60179,5688)	1
(60179,7002)	1
(0,9)	1323
(0,18)	660
(0,21)	1491
(0,87)	635
(0,102)	666
(0,111)	134352
(0,117)	682
(0,135)	988720
(0,162)	676
(0,177)	694
(0,201)	619
(0,210)	684
(0,465)	1196
(0,513)	1340
(0,531)	640
(0,540)	693
(0,546)	551
(0,612)	668
(0,636)	1327
(0,777)	1329
(0,993)	1383
(0,1080)	2942
(0,1194)	2075
(0,1314)	1959
(0,1677)	1967
(0,1701)	1938
(0,2010)	2548
(0,2049)	342651
(0,2430)	1936
(0,2601)	2449
(0,2607)	2431
(0,2988)	1948
(0,4353)	1785
(0,4557)	1757
(0,5190)	1213
(0,5556)	615
(0,5688)	634
(0,6003)	1063
(0,7002)	16227
(0,7008)	670
(0,10080)	616
(0,13722)	1106
(0,13782)	1223
(0,22128)	2
(0,60177)	1218
(9,0)	841
(18,0)	383
(21,0)	1022
(22,1433)	97
(22,60179)	5
(80,1093)	285
(80,1099)	308
(80,1525)	471
(80,1813)	305
(80,2119)	313
(80,2401)	247
(80,2605)	273
(80,3130)	268
(80,3493)	246
(80,5680)	1
(80,6001)	2
(80,13720)	2
(87,0)	391
(88,1109)	168
(88,1127)	188
(88,1178)	125
(88,1352)	77
(88,1433)	100
(88,1529)	107
(88,1646)	65
(88,1958)	79
(88,2003)	77
(88,2111)	78
(88,2135)	67
(88,2432)	68
(88,2603)	72
(88,4094)	67
(88,4373)	55
(88,4559)	35
(88,60179)	114
(102,0)	398
(111,0)	133551
(111,990)	6
(111,57000)	6
(117,0)	394
(135,0)	1450716
(135,1236)	220
(135,1434)	219
(135,1524)	226
(135,1812)	231
(135,1863)	220
(135,1959)	213
(135,2121)	216
(135,2433)	198
(135,2583)	223
(135,2604)	200
(135,2628)	215
(135,2811)	216
(135,3306)	189
(135,3690)	189
(135,4224)	194
(135,4569)	184
(135,4899)	182
(135,8088)	1
(135,57000)	500
(139,1094)	254
(139,1214)	214
(139,1241)	197
(139,1313)	224
(139,1649)	210
(139,2000)	167
(139,2105)	159
(139,2150)	172
(139,2600)	198
(139,2606)	139
(139,2792)	161
(139,3050)	158
(139,3632)	141
(139,3689)	156
(139,4031)	141
(139,4190)	197
(139,4691)	138
(139,4949)	133
(139,7100)	1
(139,8990)	1
(162,0)	389
(177,0)	400
(201,0)	399
(210,0)	395
(389,1093)	298
(389,1099)	321
(389,1525)	307
(389,1813)	299
(389,2119)	263
(389,2401)	280
(389,2605)	267
(389,3130)	285
(389,3493)	256
(389,6007)	1
(443,1300)	84
(443,1645)	48
(443,1957)	65
(443,2053)	71
(443,2086)	66
(443,2101)	56
(443,2431)	79
(443,2602)	67
(443,2608)	70
(443,2947)	91
(443,2989)	88
(443,4369)	53
(443,4600)	73
(443,5050)	2
(443,5269)	1
(443,5308)	1
(443,5353)	2
(443,5674)	1
(443,6004)	2
(443,7003)	1
(443,7009)	2
(443,9418)	1
(443,13783)	1
(443,20011)	9
(443,30865)	3
(445,1094)	11193
(445,1214)	4637
(445,1241)	1789
(445,1313)	1008
(445,1649)	533
(445,2000)	833
(445,2105)	513
(445,2150)	482
(445,2600)	537
(445,2606)	508
(445,2792)	590
(445,3050)	445
(445,3632)	405
(445,3689)	494
(445,4031)	376
(445,4190)	411
(445,4691)	433
(445,4949)	391
(445,5672)	1
(445,8990)	1
(465,0)	872
(513,0)	864
(531,0)	398
(540,0)	410
(546,0)	405
(549,60177)	1
(612,0)	466
(636,0)	927
(750,2049)	401
(754,60179)	1
(765,2049)	156
(777,0)	1011
(783,2049)	118
(873,2049)	122
(990,111)	7
(990,2049)	89
(993,0)	1105
(1080,0)	2642
(1093,80)	407
(1093,389)	229
(1094,139)	324
(1094,445)	11357
(1099,80)	418
(1099,389)	246
(1109,88)	136
(1109,8080)	1
(1127,88)	156
(1178,88)	97
(1194,0)	1861
(1214,139)	354
(1214,445)	10039
(1236,135)	179
(1241,139)	335
(1241,445)	2461
(1300,443)	90
(1313,139)	340
(1313,445)	900
(1314,0)	1788
(1352,88)	63
(1352,2989)	1
(1352,4369)	1
(1433,22)	64
(1433,88)	74
(1433,1300)	76
(1433,1645)	75
(1433,1957)	74
(1433,2053)	71
(1433,2086)	76
(1433,2101)	76
(1433,2431)	84
(1433,2602)	76
(1433,2608)	79
(1433,2947)	75
(1433,2989)	87
(1433,4369)	72
(1433,4600)	69
(1434,135)	160
(1524,135)	166
(1525,80)	608
(1525,389)	244
(1529,88)	79
(1645,443)	46
(1646,88)	60
(1649,139)	327
(1649,445)	942
(1677,0)	1717
(1701,0)	1721
(1812,135)	169
(1813,80)	438
(1813,389)	222
(1863,135)	158
(1957,443)	62
(1958,88)	60
(1959,135)	151
(2000,139)	287
(2000,445)	906
(2000,3493)	1
(2003,88)	65
(2010,0)	2255
(2049,0)	353717
(2049,750)	408
(2049,765)	156
(2049,783)	120
(2049,873)	130
(2049,990)	91
(2049,57000)	5
(2053,443)	64
(2086,443)	69
(2101,443)	60
(2105,139)	267
(2105,445)	541
(2111,88)	60
(2119,80)	441
(2119,389)	201
(2121,135)	160
(2135,88)	52
(2150,139)	284
(2150,445)	506
(2401,80)	359
(2401,389)	212
(2430,0)	1721
(2431,443)	69
(2432,88)	56
(2433,135)	146
(2583,135)	170
(2600,139)	323
(2600,445)	638
(2601,0)	2123
(2602,443)	61
(2603,88)	59
(2604,135)	148
(2605,80)	378
(2605,389)	194
(2606,139)	261
(2606,445)	517
(2607,0)	2165
(2608,443)	62
(2628,135)	147
(2792,139)	269
(2792,445)	536
(2811,135)	153
(2947,443)	91
(2988,0)	1682
(2989,443)	86
(2989,1352)	1
(2989,1433)	3
(3050,139)	238
(3050,445)	452
(3130,80)	379
(3130,389)	221
(3306,135)	126
(3493,80)	357
(3493,389)	194
(3632,139)	214
(3632,445)	416
(3689,139)	203
(3689,445)	4215
(3690,135)	137
(4031,139)	253
(4031,445)	1084
(4094,88)	50
(4190,139)	242
(4190,445)	1419
(4224,135)	124
(4353,0)	1576
(4369,443)	50
(4369,1352)	1
(4373,88)	46
(4557,0)	1606
(4559,88)	30
(4569,135)	125
(4600,443)	67
(4691,139)	195
(4691,445)	503
(4899,135)	120
(4949,139)	197
(4949,445)	409
(5050,443)	2
(5190,0)	866
(5269,443)	1
(5308,443)	1
(5353,443)	2
(5556,0)	391
(5674,443)	1
(5680,80)	2
(5688,0)	378
(6001,80)	2
(6003,0)	867
(6004,443)	1
(7002,0)	15872
(7002,57000)	1
(7003,443)	1
(7008,0)	385
(7009,443)	2
(7100,139)	1
(8080,60179)	1
(8990,139)	1
(8990,445)	1
(9418,443)	1
(10080,0)	405
(10081,60179)	1
(13720,80)	1
(13722,0)	865
(13782,0)	863
(13783,443)	1
(20011,443)	9
(30865,443)	6
(57000,111)	6
(57000,135)	25
(57000,2049)	6
(57000,7002)	1
(60177,0)	1265
(60177,549)	1
(60177,1524)	1
(60177,3306)	1
(60177,5052)	1
(60179,22)	26
(60179,88)	73
(60179,754)	1
(60179,808)	1
(60179,8080)	1
(60179,10081)	1
(0,13)	1292
(0,19)	1237
(0,22)	651760
(0,37)	1124
(0,79)	1238
(0,88)	1417383
(0,109)	1219
(0,163)	1291
(0,178)	609
(0,202)	632
(0,220)	710
(0,370)	626
(0,406)	1215
(0,514)	1247
(0,532)	660
(0,538)	716
(0,547)	722
(0,556)	697
(0,628)	799
(0,631)	1276
(0,655)	757
(0,754)	795
(0,808)	1424
(0,871)	787
(0,901)	1265
(0,994)	729
(0,1300)	2733
(0,1645)	2125
(0,1957)	1896
(0,2053)	1883
(0,2086)	2166
(0,2101)	1805
(0,2431)	1946
(0,2602)	2443
(0,2608)	2444
(0,2947)	1808
(0,2989)	1791
(0,4369)	1826
(0,4600)	1644
(0,5050)	1244
(0,5269)	1155
(0,5308)	649
(0,5353)	564
(0,5674)	648
(0,6004)	1235
(0,7003)	657
(0,7009)	551
(0,8080)	15706
(0,9418)	1230
(0,9667)	3
(0,10081)	626
(0,13783)	1241
(0,20011)	647
(0,22273)	598
(0,30865)	40
(13,0)	870
(19,0)	876
(22,0)	262315
(22,57000)	1
(37,0)	868
(53,53)	144
(79,0)	912
(80,1094)	280
(80,1214)	434
(80,1241)	437
(80,1313)	454
(80,1649)	416
(80,2000)	302
(80,2105)	314
(80,2150)	288
(80,2600)	267
(80,2606)	273
(80,2792)	277
(80,3050)	289
(80,3632)	249
(80,3689)	260
(80,4031)	242
(80,4190)	238
(80,4691)	238
(80,4949)	231
(80,5432)	2
(80,5672)	1
(80,13721)	1
(88,0)	2041859
(88,1236)	94
(88,1434)	74
(88,1524)	74
(88,1812)	83
(88,1863)	82
(88,1959)	74
(88,2121)	82
(88,2433)	73
(88,2583)	77
(88,2604)	78
(88,2628)	79
(88,2811)	68
(88,3306)	59
(88,3690)	64
(88,4224)	42
(88,4569)	65
(88,4899)	71
(88,6444)	1
(88,57000)	97
(109,0)	872
(135,1093)	285
(135,1099)	281
(135,1525)	183
(135,1813)	232
(135,2119)	184
(135,2401)	175
(135,2605)	189
(135,3130)	216
(135,3493)	195
(135,6007)	1
(135,10051)	1
(139,1080)	240
(139,1194)	246
(139,1314)	176
(139,1677)	162
(139,1701)	216
(139,2010)	457
(139,2049)	181
(139,2430)	142
(139,2601)	173
(139,2607)	158
(139,2988)	158
(139,4353)	152
(139,4557)	160
(139,60177)	59
(163,0)	859
(178,0)	401
(202,0)	379
(220,0)	385
(370,0)	401
(389,1094)	316
(389,1214)	301
(389,1241)	277
(389,1313)	313
(389,1649)	286
(389,2000)	304
(389,2105)	228
(389,2150)	261
(389,2600)	253
(389,2606)	251
(389,2792)	279
(389,3050)	313
(389,3632)	273
(389,3689)	251
(389,4031)	248
(389,4190)	288
(389,4691)	226
(389,4949)	233
(389,13721)	1
(406,0)	861
(443,1109)	84
(443,1127)	77
(443,1178)	59
(443,1352)	78
(443,1433)	61
(443,1529)	85
(443,1646)	57
(443,1958)	76
(443,2003)	75
(443,2111)	68
(443,2135)	66
(443,2432)	80
(443,2603)	73
(443,4094)	69
(443,4373)	68
(443,4559)	59
(443,5051)	4
(443,5060)	1
(443,5222)	2
(443,5354)	2
(443,5666)	1
(443,5675)	5
(443,6005)	1
(443,6566)	4
(443,7004)	1
(443,8021)	1
(443,20012)	5
(443,27374)	1
(443,60179)	33
(444,4369)	1
(445,1080)	781
(445,1194)	862
(445,1314)	703
(445,1677)	916
(445,1701)	1385
(445,2010)	938
(445,2049)	499
(445,2430)	410
(445,2601)	523
(445,2607)	475
(445,2988)	492
(445,4353)	972
(445,4557)	436
(445,10080)	1
(445,22128)	1
(445,60177)	155
(514,0)	909
(532,0)	402
(538,0)	394
(547,0)	397
(556,0)	398
(607,2049)	4
(610,2049)	4
(628,0)	461
(631,0)	900
(655,0)	477
(706,2049)	5540
(751,2049)	216
(754,0)	491
(760,2049)	237
(775,2049)	129
(808,0)	1093
(871,0)	501
(901,0)	959
(994,0)	594
(1080,139)	265
(1080,445)	759
(1093,135)	205
(1094,80)	385
(1094,389)	245
(1099,135)	205
(1109,443)	84
(1127,443)	78
(1178,443)	60
(1194,139)	348
(1194,445)	1571
(1214,80)	603
(1214,389)	221
(1236,88)	74
(1241,80)	594
(1241,389)	221
(1300,0)	2350
(1313,80)	599
(1313,389)	230
(1314,139)	252
(1314,445)	959
(1352,443)	83
(1352,1646)	1
(1352,2003)	1
(1352,4373)	1
(1433,443)	61
(1433,1109)	71
(1433,1127)	73
(1433,1178)	76
(1433,1352)	74
(1433,1433)	16
(1433,1529)	75
(1433,1646)	73
(1433,1958)	74
(1433,2003)	74
(1433,2111)	76
(1433,2135)	76
(1433,2432)	76
(1433,2603)	78
(1433,4094)	72
(1433,4373)	75
(1433,4559)	74
(1433,60179)	6
(1434,88)	62
(1524,88)	57
(1525,135)	156
(1529,443)	79
(1645,0)	1859
(1646,443)	54
(1646,1352)	1
(1649,80)	565
(1649,389)	216
(1677,139)	294
(1677,445)	941
(1701,139)	340
(1701,445)	1345
(1812,88)	63
(1813,135)	164
(1863,88)	71
(1957,0)	1714
(1958,443)	73
(1959,88)	57
(2000,80)	441
(2000,389)	228
(2000,2606)	1
(2003,443)	73
(2003,1352)	1
(2010,139)	559
(2010,445)	902
(2049,139)	267
(2049,445)	518
(2049,607)	5
(2049,610)	5
(2049,706)	6905
(2049,751)	216
(2049,760)	233
(2049,775)	130
(2053,0)	1685
(2086,0)	1973
(2101,0)	1672
(2105,80)	433
(2105,389)	173
(2111,443)	66
(2119,135)	124
(2121,88)	68
(2135,443)	64
(2150,80)	423
(2150,389)	208
(2401,135)	124
(2430,139)	252
(2430,445)	439
(2431,0)	1686
(2432,443)	72
(2433,88)	58
(2583,88)	67
(2600,80)	380
(2600,389)	197
(2601,139)	218
(2601,445)	547
(2602,0)	2143
(2603,443)	65
(2604,88)	63
(2605,135)	142
(2606,80)	387
(2606,389)	188
(2607,139)	270
(2607,445)	471
(2608,0)	2115
(2628,88)	54
(2792,80)	390
(2792,389)	216
(2811,88)	52
(2947,0)	1627
(2988,139)	278
(2988,445)	528
(2989,0)	1627
(3050,80)	408
(3050,389)	230
(3130,135)	153
(3306,88)	51
(3493,135)	143
(3632,80)	367
(3632,389)	205
(3689,80)	359
(3689,389)	198
(3690,88)	45
(4031,80)	343
(4031,389)	186
(4094,443)	63
(4190,80)	345
(4190,389)	222
(4224,88)	36
(4353,139)	201
(4353,445)	987
(4369,0)	1608
(4369,444)	1
(4373,443)	63
(4373,1352)	1
(4557,139)	286
(4557,445)	617
(4559,443)	54
(4569,88)	48
(4600,0)	1582
(4691,80)	352
(4691,389)	168
(4899,88)	56
(4949,80)	337
(4949,389)	178
(5050,0)	842
(5051,443)	4
(5060,443)	1
(5222,443)	2
(5269,0)	880
(5308,0)	373
(5353,0)	414
(5354,443)	2
(5432,80)	1
(5666,443)	1
(5672,80)	2
(5674,0)	405
(5675,443)	7
(6004,0)	866
(6005,443)	1
(6007,135)	1
(6566,443)	4
(7003,0)	401
(7004,443)	1
(7009,0)	410
(8021,443)	1
(8080,0)	16532
(8080,3306)	1
(8080,15345)	1
(8080,57000)	1
(8081,60179)	1
(9418,0)	874
(9667,0)	1
(10051,135)	1
(10081,0)	401
(13721,80)	1
(13783,0)	884
(15345,8080)	1
(20011,0)	392
(20012,443)	4
(22128,445)	1
(22273,0)	396
(27374,443)	1
(30865,0)	33
(57000,22)	7
(57000,88)	65
(57000,8080)	1
(60177,139)	56
(60177,445)	148
(60179,443)	39
(60179,8081)	1
(0,23)	1291
(0,50)	640
(0,65)	699
(0,98)	705
(0,104)	675
(0,113)	1204
(0,119)	1258
(0,137)	621
(0,164)	604
(0,179)	1238
(0,191)	739
(0,209)	633
(0,371)	618
(0,443)	891868
(0,500)	1202
(0,515)	1439
(0,548)	2647
(0,995)	1565
(0,1109)	2199
(0,1127)	1985
(0,1178)	2025
(0,1352)	3559
(0,1433)	123321
(0,1529)	1972
(0,1646)	2267
(0,1958)	1829
(0,2003)	2477
(0,2111)	2437
(0,2135)	2468
(0,2432)	1854
(0,2603)	1966
(0,4094)	1142
(0,4373)	1148
(0,4559)	1819
(0,5051)	1140
(0,5060)	1066
(0,5222)	4969
(0,5354)	620
(0,5666)	1144
(0,5675)	568
(0,6005)	1193
(0,6566)	1217
(0,7004)	1220
(0,8021)	579
(0,8081)	7082
(0,9101)	1200
(0,10082)	1185
(0,11201)	510
(0,13724)	563
(0,20012)	642
(0,27374)	616
(0,60179)	1301
(23,0)	1005
(50,0)	396
(65,0)	405
(80,1080)	244
(80,1194)	386
(80,1314)	471
(80,1677)	373
(80,1701)	359
(80,2010)	303
(80,2049)	287
(80,2430)	279
(80,2601)	268
(80,2607)	282
(80,2988)	254
(80,4353)	234
(80,4557)	229
(80,5688)	1
(80,13782)	2
(80,60177)	144
(88,1093)	165
(88,1099)	166
(88,1525)	80
(88,1813)	74
(88,2119)	81
(88,2401)	83
(88,2605)	75
(88,3130)	54
(88,3493)	80
(98,0)	386
(104,0)	402
(111,989)	6
(111,992)	13
(113,0)	993
(119,0)	852
(135,1094)	266
(135,1214)	248
(135,1241)	255
(135,1313)	235
(135,1649)	204
(135,2000)	213
(135,2105)	194
(135,2150)	189
(135,2600)	227
(135,2606)	216
(135,2792)	205
(135,3050)	205
(135,3632)	201
(135,3689)	184
(135,4031)	228
(135,4190)	177
(135,4691)	183
(135,4949)	174
(135,5432)	1
(137,0)	415
(139,1300)	170
(139,1645)	170
(139,1957)	197
(139,2053)	129
(139,2086)	137
(139,2101)	193
(139,2431)	150
(139,2602)	169
(139,2608)	168
(139,2947)	167
(139,2989)	174
(139,4369)	128
(139,4600)	136
(139,5050)	1
(139,5308)	1
(164,0)	400
(179,0)	867
(191,0)	385
(209,0)	405
(371,0)	404
(389,1080)	359
(389,1194)	279
(389,1314)	300
(389,1677)	245
(389,1701)	315
(389,2010)	284
(389,2049)	283
(389,2430)	279
(389,2601)	218
(389,2607)	226
(389,2988)	278
(389,4353)	250
(389,4557)	250
(389,5688)	1
(389,6003)	1
(389,60177)	87
(443,0)	961683
(443,1236)	78
(443,1434)	85
(443,1524)	87
(443,1812)	70
(443,1863)	61
(443,1959)	71
(443,2121)	59
(443,2433)	63
(443,2583)	59
(443,2604)	54
(443,2628)	63
(443,2811)	66
(443,3306)	56
(443,3690)	46
(443,4224)	52
(443,4569)	61
(443,4899)	54
(443,5052)	2
(443,5061)	2
(443,5151)	3
(443,5355)	2
(443,5667)	1
(443,6006)	1
(443,6444)	2
(443,7005)	1
(443,15345)	3
(443,17004)	2
(443,22125)	3
(443,57000)	37
(445,1300)	849
(445,1645)	443
(445,1957)	740
(445,2053)	468
(445,2086)	587
(445,2101)	485
(445,2431)	915
(445,2602)	447
(445,2608)	441
(445,2947)	993
(445,2989)	4100
(445,4369)	694
(445,4600)	402
(445,6004)	2
(500,0)	876
(515,0)	1039
(548,0)	2416
(611,2049)	4
(749,2049)	5582
(749,60177)	1
(989,111)	4
(989,2049)	90
(992,111)	12
(992,2049)	75
(995,0)	1199
(1001,2049)	94
(1080,80)	354
(1080,389)	284
(1093,88)	127
(1094,135)	214
(1099,88)	137
(1109,0)	2057
(1127,0)	1975
(1178,0)	1891
(1194,80)	548
(1194,389)	211
(1214,135)	187
(1236,443)	82
(1241,135)	186
(1300,139)	218
(1300,445)	5805
(1313,135)	180
(1314,80)	628
(1314,389)	224
(1352,0)	3196
(1352,2121)	1
(1433,0)	732461
(1433,1236)	70
(1433,1434)	16
(1433,1524)	72
(1433,1812)	74
(1433,1863)	77
(1433,1959)	71
(1433,2121)	78
(1433,2433)	76
(1433,2583)	75
(1433,2604)	78
(1433,2628)	73
(1433,2811)	75
(1433,3306)	73
(1433,3690)	79
(1433,4224)	70
(1433,4569)	71
(1433,4899)	75
(1433,57000)	4
(1434,443)	523
(1524,443)	89
(1525,88)	66
(1529,0)	1760
(1645,139)	259
(1645,445)	485
(1646,0)	2058
(1649,135)	144
(1677,80)	517
(1677,389)	187
(1701,80)	498
(1701,389)	243
(1812,443)	66
(1813,88)	54
(1863,443)	61
(1957,139)	246
(1957,445)	793
(1958,0)	1686
(1959,443)	66
(2000,135)	146
(2000,2607)	1
(2000,60177)	1
(2003,0)	2122
(2010,80)	431
(2010,389)	225
(2049,80)	407
(2049,389)	222
(2049,611)	6
(2049,749)	5606
(2049,989)	92
(2049,992)	80
(2049,1001)	103
(2053,139)	246
(2053,445)	501
(2086,139)	236
(2086,445)	7375
(2101,139)	278
(2101,445)	1233
(2105,135)	128
(2111,0)	2132
(2119,88)	69
(2121,443)	60
(2121,1352)	1
(2135,0)	2153
(2150,135)	142
(2150,60177)	1
(2401,88)	69
(2430,80)	409
(2430,389)	222
(2431,139)	217
(2431,445)	966
(2432,0)	1716
(2433,443)	57
(2583,443)	57
(2583,1433)	1
(2600,135)	161
(2601,80)	385
(2601,389)	170
(2602,139)	239
(2602,445)	517
(2603,0)	1746
(2604,443)	50
(2605,88)	61
(2606,135)	149
(2607,80)	379
(2607,389)	169
(2608,139)	239
(2608,445)	851
(2628,443)	65
(2792,135)	142
(2811,443)	66
(2947,139)	270
(2947,445)	1093
(2988,80)	350
(2988,389)	208
(2989,139)	254
(2989,445)	4234
(3050,135)	149
(3130,88)	42
(3306,443)	51
(3493,88)	56
(3632,135)	152
(3689,135)	126
(3690,443)	46
(4031,135)	160
(4094,0)	1162
(4190,135)	120
(4224,443)	46
(4353,80)	336
(4353,389)	187
(4369,139)	204
(4369,445)	1280
(4373,0)	1166
(4557,80)	324
(4557,389)	178
(4559,0)	1605
(4569,443)	58
(4600,139)	223
(4600,445)	393
(4691,135)	122
(4899,443)	53
(4949,135)	112
(5050,139)	1
(5050,445)	1
(5051,0)	869
(5052,443)	2
(5060,0)	874
(5061,443)	2
(5061,60179)	13
(5151,443)	2
(5222,0)	877
(5308,139)	1
(5354,0)	387
(5355,443)	2
(5432,135)	1
(5666,0)	893
(5667,443)	1
(5675,0)	415
(5688,80)	1
(6004,445)	1
(6005,0)	882
(6006,443)	1
(6444,443)	2
(6566,0)	879
(7004,0)	872
(7005,443)	1
(8021,0)	556
(8081,0)	6816
(8081,57000)	1
(9101,0)	859
(10080,80)	1
(10081,445)	1
(10082,0)	873
(11201,0)	395
(13724,0)	400
(13782,80)	1
(15345,443)	3
(17004,443)	2
(20012,0)	394
(22125,443)	2
(27374,0)	399
(57000,443)	37
(57000,8081)	1
(60177,80)	136
(60177,389)	53
(60177,749)	1
(60177,2150)	2
(60179,0)	1330
(60179,3306)	1
(0,0)	45897189
(0,15)	653
(0,42)	1267
(0,57)	639
(0,105)	738
(0,123)	625
(0,129)	555
(0,138)	431
(0,174)	718
(0,204)	713
(0,213)	632
(0,345)	471
(0,369)	658
(0,372)	716
(0,444)	1347
(0,543)	1148
(0,549)	673
(0,750)	668
(0,765)	1367
(0,783)	1342
(0,873)	1341
(0,990)	1434
(0,1236)	2337
(0,1434)	2460
(0,1524)	2536
(0,1812)	2525
(0,1863)	2349
(0,1959)	1915
(0,2121)	2372
(0,2433)	1882
(0,2583)	1928
(0,2604)	2434
(0,2628)	1869
(0,2811)	2378
(0,3306)	34571
(0,3690)	2484
(0,4224)	1769
(0,4569)	1845
(0,4899)	2200
(0,5052)	611
(0,5061)	1246
(0,5151)	628
(0,5355)	611
(0,5667)	2
(0,6000)	1390
(0,6006)	1159
(0,6444)	2
(0,7005)	636
(0,8088)	1201
(0,9102)	1139
(0,10050)	26
(0,10083)	614
(0,10809)	178
(0,15345)	642
(0,17004)	2
(0,22125)	3
(0,57000)	733
(15,0)	390
(18,60177)	1
(42,0)	871
(57,0)	407
(80,1300)	487
(80,1645)	392
(80,1957)	299
(80,2053)	292
(80,2086)	281
(80,2101)	304
(80,2431)	257
(80,2602)	273
(80,2608)	286
(80,2947)	276
(80,2989)	258
(80,4369)	242
(80,4600)	218
(80,8080)	1
(80,10081)	1
(80,13783)	1
(88,1094)	134
(88,1214)	104
(88,1241)	94
(88,1313)	64
(88,1649)	85
(88,2000)	88
(88,2105)	63
(88,2150)	98
(88,2600)	87
(88,2606)	71
(88,2792)	57
(88,3050)	76
(88,3632)	70
(88,3689)	68
(88,4031)	72
(88,4190)	58
(88,4691)	54
(88,4949)	48
(88,5432)	1
(88,5672)	1
(88,6446)	1
(105,0)	399
(111,993)	16
(111,60177)	6
(117,60177)	1
(123,0)	418
(129,0)	395
(135,1080)	305
(135,1194)	237
(135,1314)	252
(135,1677)	218
(135,1701)	218
(135,2010)	210
(135,2049)	217
(135,2430)	207
(135,2601)	189
(135,2607)	212
(135,2988)	186
(135,4353)	198
(135,4557)	190
(135,60177)	55
(138,0)	395
(139,1109)	328
(139,1127)	339
(139,1178)	213
(139,1352)	183
(139,1433)	118
(139,1529)	159
(139,1646)	177
(139,1958)	172
(139,2003)	173
(139,2111)	172
(139,2135)	2281
(139,2432)	167
(139,2603)	157
(139,4094)	156
(139,4373)	113
(139,4559)	118
(139,60179)	3017
(174,0)	386
(204,0)	415
(213,0)	400
(345,0)	395
(369,0)	384
(372,0)	394
(389,1300)	296
(389,1645)	279
(389,1957)	301
(389,2053)	310
(389,2086)	283
(389,2101)	272
(389,2431)	286
(389,2602)	264
(389,2608)	241
(389,2947)	260
(389,2989)	281
(389,4369)	249
(389,4600)	234
(389,5050)	1
(389,22273)	1
(443,1093)	93
(443,1099)	69
(443,1525)	90
(443,1813)	62
(443,2119)	71
(443,2401)	61
(443,2605)	82
(443,3130)	76
(443,3493)	47
(443,5002)	1
(443,6001)	2
(443,6007)	1
(443,6346)	2
(443,6445)	2
(443,6667)	1
(443,7006)	2
(443,11371)	1
(444,0)	892
(445,1109)	4106
(445,1127)	3182
(445,1178)	5716
(445,1352)	700
(445,1433)	1491
(445,1529)	593
(445,1646)	684
(445,1958)	583
(445,2003)	447
(445,2111)	733
(445,2135)	466
(445,2432)	2119
(445,2603)	445
(445,4094)	457
(445,4373)	389
(445,4559)	379
(445,5051)	9
(445,6566)	2
(445,8081)	2
(445,60179)	176
(543,0)	871
(549,0)	410
(636,2049)	2
(750,0)	535
(765,0)	950
(777,2049)	214
(783,0)	943
(873,0)	1031
(990,0)	1102
(993,111)	16
(993,2049)	97
(1080,135)	223
(1093,443)	89
(1093,1433)	1
(1094,88)	109
(1099,443)	65
(1099,1433)	1
(1109,139)	422
(1109,445)	4804
(1127,139)	514
(1127,445)	6937
(1178,139)	401
(1178,445)	6941
(1194,135)	161
(1214,88)	87
(1236,0)	2055
(1241,88)	75
(1300,80)	637
(1300,389)	207
(1313,88)	52
(1314,135)	190
(1352,139)	276
(1352,445)	740
(1352,1525)	1
(1352,3493)	1
(1433,139)	226
(1433,445)	1496
(1433,1093)	73
(1433,1099)	71
(1433,1525)	70
(1433,1813)	72
(1433,2119)	77
(1433,2401)	77
(1433,2605)	79
(1433,3130)	74
(1433,3493)	72
(1434,0)	2163
(1524,0)	2234
(1525,443)	89
(1525,1352)	1
(1529,139)	1813
(1529,445)	584
(1645,80)	526
(1645,389)	210
(1646,139)	274
(1646,445)	1365
(1649,88)	67
(1677,135)	174
(1701,135)	162
(1812,0)	2212
(1813,443)	61
(1863,0)	2160
(1957,80)	416
(1957,389)	224
(1958,139)	252
(1958,445)	640
(1959,0)	1687
(2000,88)	74
(2000,2608)	1
(2003,139)	249
(2003,445)	504
(2010,135)	146
(2049,135)	151
(2049,636)	2
(2049,777)	218
(2049,993)	97
(2049,60177)	8
(2053,80)	416
(2053,389)	237
(2086,80)	404
(2086,389)	223
(2101,80)	423
(2101,389)	205
(2105,88)	54
(2111,139)	267
(2111,445)	1384
(2119,443)	71
(2121,0)	2127
(2135,139)	294
(2135,445)	462
(2150,88)	78
(2401,443)	57
(2430,135)	147
(2431,80)	369
(2431,389)	216
(2432,139)	298
(2432,445)	2942
(2433,0)	1655
(2583,0)	1692
(2600,88)	68
(2601,135)	134
(2602,80)	385
(2602,389)	198
(2603,139)	266
(2603,445)	696
(2604,0)	2156
(2605,443)	83
(2606,88)	58
(2607,135)	145
(2608,80)	389
(2608,389)	186
(2628,0)	1661
(2792,88)	50
(2811,0)	2113
(2947,80)	377
(2947,389)	195
(2988,135)	132
(2989,80)	368
(2989,389)	215
(3050,88)	62
(3130,443)	66
(3306,0)	50943
(3306,57000)	2
(3493,443)	42
(3493,1352)	1
(3632,88)	55
(3689,88)	51
(3690,0)	2104
(4031,88)	56
(4094,139)	274
(4094,445)	1426
(4190,88)	45
(4224,0)	1683
(4353,135)	130
(4369,80)	351
(4369,389)	185
(4373,139)	199
(4373,445)	428
(4557,135)	125
(4559,139)	517
(4559,445)	567
(4569,0)	1584
(4600,80)	330
(4600,389)	179
(4691,88)	42
(4899,0)	2006
(4949,88)	36
(5002,443)	1
(5050,389)	1
(5051,445)	8
(5052,0)	396
(5061,0)	5652
(5151,0)	418
(5355,0)	391
(5432,88)	1
(5672,88)	1
(6000,0)	1038
(6001,443)	2
(6006,0)	874
(6007,443)	1
(6346,443)	2
(6445,443)	2
(6566,445)	2
(6667,443)	1
(7002,60177)	1
(7005,0)	398
(7006,443)	2
(8080,80)	1
(8081,445)	1
(8088,0)	865
(9102,0)	884
(10081,80)	1
(10083,0)	398
(10809,0)	176
(11371,443)	1
(13783,80)	1
(15345,0)	378
(22125,0)	1
(22273,389)	1
(57000,0)	904
(57000,3306)	2
(60177,18)	1
(60177,111)	6
(60177,117)	1
(60177,135)	35
(60177,2049)	7
(60177,2601)	1
(60177,7002)	1
(60179,139)	48
(60179,445)	263
